# voxel data; rover 3.0.14
# --------------------------
# Voxel_Size: 0.0097656 0.0097656 0.01
# Voxel_Numbers: 1046 
# Frame_Numbers: 1
# Frame_Times: 0.5
# Data_Units: N/A
# Voxel_Units: cm
# Time_Units: s
# File: AnonymizedUnknown_20151207_MR_S123.v
# Description: Unknown
# Name: Anonymized
# Birthday: Cz sty 1 1970
# Height: 0.00 cm
# Weight: 0.00 kg
# Sex: U
# Radiopharmaceutical: MR data
# Isotope_Code: Unknown
# Dose_Start_Time: Cz sty 1 01:00:00 1970
# Scan_Start_Time: Cz sty 1 01:00:00 1970
# Dosage: 0.00 Bq
# x_dimension: 256
# y_dimension: 256
# z_dimension: 5
# Roi_Name: Mask_1.1
# Threshold: 0
# Reference_Value: 0
173 175 1 4871
176 175 1 9390
177 175 1 14127
178 175 1 15895
179 175 1 16969
180 175 1 18096
181 175 1 17623
182 175 1 17146
183 175 1 19040
184 175 1 20469
185 175 1 19579
186 175 1 19463
187 175 1 20629
173 176 1 3679
175 176 1 6839
176 176 1 13607
177 176 1 15391
178 176 1 15368
179 176 1 16339
180 176 1 16014
181 176 1 16391
182 176 1 17476
183 176 1 19486
184 176 1 21675
185 176 1 20497
186 176 1 19424
187 176 1 21537
174 177 1 7237
175 177 1 10732
176 177 1 15656
177 177 1 16617
178 177 1 14629
179 177 1 15569
180 177 1 16396
181 177 1 15313
182 177 1 17238
183 177 1 19469
184 177 1 19613
185 177 1 19810
186 177 1 20609
187 177 1 22360
173 178 1 5780
174 178 1 10046
175 178 1 13539
176 178 1 14864
177 178 1 16178
178 178 1 17652
179 178 1 17015
180 178 1 14344
181 178 1 14018
182 178 1 18486
183 178 1 20819
184 178 1 20168
185 178 1 20452
186 178 1 21473
187 178 1 22539
173 179 1 7516
174 179 1 12398
175 179 1 15824
176 179 1 15847
177 179 1 15694
178 179 1 17751
179 179 1 16290
180 179 1 12624
181 179 1 15870
182 179 1 20933
183 179 1 20631
184 179 1 20444
185 179 1 20672
186 179 1 20517
187 179 1 21894
173 180 1 11647
174 180 1 13914
175 180 1 15616
176 180 1 16571
177 180 1 17366
178 180 1 17772
179 180 1 15332
180 180 1 16513
181 180 1 20131
182 180 1 20520
183 180 1 20291
184 180 1 19921
185 180 1 17874
186 180 1 19247
187 180 1 21823
173 181 1 11934
174 181 1 14284
175 181 1 15411
176 181 1 14885
177 181 1 18591
178 181 1 21009
179 181 1 18298
180 181 1 19489
181 181 1 20786
182 181 1 18683
183 181 1 18940
184 181 1 19326
185 181 1 18987
186 181 1 20745
187 181 1 21901
173 182 1 14801
174 182 1 15153
175 182 1 15815
176 182 1 16449
177 182 1 18986
178 182 1 21263
179 182 1 20123
180 182 1 19175
181 182 1 18983
182 182 1 19011
183 182 1 19003
184 182 1 18584
185 182 1 20509
186 182 1 22069
187 182 1 20972
173 183 1 16090
174 183 1 16585
175 183 1 17331
176 183 1 17944
177 183 1 19737
178 183 1 20916
179 183 1 20468
180 183 1 20929
181 183 1 20345
182 183 1 19543
183 183 1 20757
184 183 1 20810
185 183 1 20499
186 183 1 21371
187 183 1 21549
173 184 1 16875
174 184 1 20367
175 184 1 20081
176 184 1 19612
177 184 1 20934
178 184 1 20532
179 184 1 20306
180 184 1 20637
181 184 1 19558
182 184 1 18383
183 184 1 19352
184 184 1 22281
185 184 1 23046
186 184 1 22279
187 184 1 23419
173 185 1 19582
174 185 1 20600
175 185 1 20163
176 185 1 21548
177 185 1 20465
178 185 1 18359
179 185 1 20081
180 185 1 19564
181 185 1 17793
182 185 1 19093
183 185 1 20156
184 185 1 20984
185 185 1 22280
186 185 1 23069
187 185 1 23011
173 186 1 18297
174 186 1 19531
175 186 1 19517
176 186 1 19252
177 186 1 19055
178 186 1 17417
179 186 1 18408
180 186 1 20131
181 186 1 19418
182 186 1 19373
183 186 1 20221
184 186 1 20929
185 186 1 21246
186 186 1 21975
187 186 1 22255
173 187 1 17622
174 187 1 20663
175 187 1 19292
176 187 1 17404
177 187 1 17907
178 187 1 14676
179 187 1 13467
180 187 1 16707
181 187 1 17957
182 187 1 17371
183 187 1 18392
184 187 1 21113
185 187 1 22770
186 187 1 22195
187 187 1 22689
173 188 1 19699
174 188 1 19906
175 188 1 18892
176 188 1 17091
177 188 1 15705
178 188 1 13442
179 188 1 13130
180 188 1 16124
181 188 1 18258
182 188 1 19191
183 188 1 22822
184 188 1 23673
185 188 1 22603
186 188 1 22920
187 188 1 22317
173 189 1 21011
174 189 1 20403
175 189 1 19659
176 189 1 17142
177 189 1 15814
178 189 1 16431
179 189 1 17415
180 189 1 20928
181 189 1 22355
182 189 1 20880
183 189 1 22103
184 189 1 23164
185 189 1 22417
186 189 1 21854
187 189 1 21738
173 175 2 9283
174 175 2 12194
175 175 2 11729
176 175 2 14432
177 175 2 16373
178 175 2 16087
179 175 2 16398
180 175 2 17164
181 175 2 18217
182 175 2 19090
183 175 2 20108
184 175 2 22095
185 175 2 23793
186 175 2 22593
187 175 2 20236
173 176 2 12468
174 176 2 12680
175 176 2 12017
176 176 2 15875
177 176 2 17112
178 176 2 16323
179 176 2 16825
180 176 2 17768
181 176 2 18256
182 176 2 18340
183 176 2 19962
184 176 2 22342
185 176 2 22780
186 176 2 21727
187 176 2 21366
173 177 2 13490
174 177 2 15124
175 177 2 15008
176 177 2 15265
177 177 2 16930
178 177 2 16740
179 177 2 14943
180 177 2 15671
181 177 2 15786
182 177 2 16647
183 177 2 19629
184 177 2 19980
185 177 2 19192
186 177 2 21027
187 177 2 22218
173 178 2 13378
174 178 2 15244
175 178 2 15944
176 178 2 15349
177 178 2 16632
178 178 2 17426
179 178 2 15765
180 178 2 14090
181 178 2 14286
182 178 2 17530
183 178 2 20218
184 178 2 19224
185 178 2 18472
186 178 2 20590
187 178 2 22137
173 179 2 15007
174 179 2 16516
175 179 2 16891
176 179 2 17356
177 179 2 16691
178 179 2 17398
179 179 2 17567
180 179 2 14806
181 179 2 14854
182 179 2 18158
183 179 2 19334
184 179 2 19701
185 179 2 19519
186 179 2 19215
187 179 2 20910
173 180 2 14281
174 180 2 17105
175 180 2 17214
176 180 2 16693
177 180 2 16642
178 180 2 18028
179 180 2 18609
180 180 2 17709
181 180 2 17470
182 180 2 18214
183 180 2 18393
184 180 2 19462
185 180 2 20634
186 180 2 19119
187 180 2 18745
173 181 2 13529
174 181 2 16698
175 181 2 16671
176 181 2 16442
177 181 2 17405
178 181 2 18515
179 181 2 19034
180 181 2 19623
181 181 2 19155
182 181 2 18376
183 181 2 18633
184 181 2 19258
185 181 2 19760
186 181 2 19442
187 181 2 19426
173 182 2 15595
174 182 2 18469
175 182 2 16212
176 182 2 17115
177 182 2 18803
178 182 2 19496
179 182 2 20230
180 182 2 20198
181 182 2 18530
182 182 2 17988
183 182 2 18991
184 182 2 18951
185 182 2 18315
186 182 2 19252
187 182 2 20504
173 183 2 16779
174 183 2 19194
175 183 2 17050
176 183 2 17793
177 183 2 20084
178 183 2 20243
179 183 2 20419
180 183 2 19709
181 183 2 18424
182 183 2 18947
183 183 2 19218
184 183 2 19397
185 183 2 19716
186 183 2 19159
187 183 2 19788
173 184 2 17038
174 184 2 18601
175 184 2 19485
176 184 2 20844
177 184 2 21165
178 184 2 20417
179 184 2 20657
180 184 2 19852
181 184 2 19498
182 184 2 19986
183 184 2 18925
184 184 2 19816
185 184 2 20442
186 184 2 18392
187 184 2 19192
173 185 2 17543
174 185 2 18382
175 185 2 18802
176 185 2 20068
177 185 2 20521
178 185 2 20489
179 185 2 20564
180 185 2 19829
181 185 2 20365
182 185 2 21388
183 185 2 19869
184 185 2 18755
185 185 2 19290
186 185 2 18367
187 185 2 18013
173 186 2 17900
174 186 2 18612
175 186 2 17096
176 186 2 17169
177 186 2 19356
178 186 2 19772
179 186 2 18444
180 186 2 18505
181 186 2 19441
182 186 2 20424
183 186 2 20136
184 186 2 18897
185 186 2 19201
186 186 2 18990
187 186 2 18055
173 187 2 17707
174 187 2 18510
175 187 2 18506
176 187 2 18244
177 187 2 19475
178 187 2 20028
179 187 2 18453
180 187 2 18082
181 187 2 19228
182 187 2 19129
183 187 2 18210
184 187 2 19029
185 187 2 19483
186 187 2 18844
187 187 2 19659
173 188 2 17378
174 188 2 17126
175 188 2 17912
176 188 2 18972
177 188 2 19831
178 188 2 20260
179 188 2 19473
180 188 2 18677
181 188 2 19985
182 188 2 21127
183 188 2 18686
184 188 2 17155
185 188 2 18935
186 188 2 19777
187 188 2 20078
173 189 2 17754
174 189 2 16205
175 189 2 15750
176 189 2 18305
177 189 2 19711
178 189 2 18309
179 189 2 17938
180 189 2 18312
181 189 2 17806
182 189 2 18814
183 189 2 18855
184 189 2 16483
185 189 2 17292
186 189 2 19522
187 189 2 18827
173 175 3 18055
174 175 3 18602
175 175 3 20343
176 175 3 20612
177 175 3 20546
178 175 3 19442
179 175 3 19511
180 175 3 20280
181 175 3 20175
182 175 3 19799
183 175 3 19764
184 175 3 20119
185 175 3 19309
186 175 3 19059
187 175 3 19365
173 176 3 18465
174 176 3 19839
175 176 3 19312
176 176 3 19579
177 176 3 20016
178 176 3 19339
179 176 3 20312
180 176 3 19599
181 176 3 19811
182 176 3 20577
183 176 3 19123
184 176 3 19528
185 176 3 19943
186 176 3 19296
187 176 3 19723
173 177 3 19012
174 177 3 19005
175 177 3 19592
176 177 3 20430
177 177 3 20582
178 177 3 20184
179 177 3 19629
180 177 3 18767
181 177 3 18509
182 177 3 19138
183 177 3 18642
184 177 3 18044
185 177 3 18117
186 177 3 17863
187 177 3 18379
173 178 3 18674
174 178 3 18348
175 178 3 20747
176 178 3 20449
177 178 3 20351
178 178 3 22175
179 178 3 20802
180 178 3 18861
181 178 3 18928
182 178 3 19095
183 178 3 18559
184 178 3 19738
185 178 3 20254
186 178 3 19018
187 178 3 20841
173 179 3 18861
174 179 3 19992
175 179 3 20129
176 179 3 18925
177 179 3 19780
178 179 3 21844
179 179 3 20627
180 179 3 18956
181 179 3 20438
182 179 3 20383
183 179 3 19620
184 179 3 21834
185 179 3 21737
186 179 3 19975
187 179 3 21501
173 180 3 15961
174 180 3 19002
175 180 3 18897
176 180 3 17896
177 180 3 19321
178 180 3 19498
179 180 3 19190
180 180 3 19259
181 180 3 19752
182 180 3 20069
183 180 3 20425
184 180 3 21497
185 180 3 20958
186 180 3 19578
187 180 3 20566
173 181 3 14045
174 181 3 16899
175 181 3 18605
176 181 3 19211
177 181 3 18825
178 181 3 18854
179 181 3 20209
180 181 3 19551
181 181 3 19057
182 181 3 19536
183 181 3 19667
184 181 3 21188
185 181 3 21870
186 181 3 21353
187 181 3 21793
173 182 3 14313
174 182 3 17526
175 182 3 18328
176 182 3 18906
177 182 3 18373
178 182 3 18852
179 182 3 19985
180 182 3 19123
181 182 3 19416
182 182 3 19637
183 182 3 19028
184 182 3 20384
185 182 3 20841
186 182 3 20832
187 182 3 21314
173 183 3 14475
174 183 3 17081
175 183 3 16976
176 183 3 17743
177 183 3 18164
178 183 3 18255
179 183 3 19176
180 183 3 19076
181 183 3 19023
182 183 3 19803
183 183 3 20258
184 183 3 20744
185 183 3 20235
186 183 3 19326
187 183 3 20702
173 184 3 17345
174 184 3 16960
175 184 3 17607
176 184 3 19208
177 184 3 18650
178 184 3 19145
179 184 3 19617
180 184 3 19240
181 184 3 18653
182 184 3 19399
183 184 3 21161
184 184 3 21383
185 184 3 21325
186 184 3 20661
187 184 3 20211
173 185 3 17970
174 185 3 17925
175 185 3 18759
176 185 3 18536
177 185 3 18543
178 185 3 19340
179 185 3 18615
180 185 3 19315
181 185 3 19233
182 185 3 17925
183 185 3 19917
184 185 3 20662
185 185 3 19216
186 185 3 19950
187 185 3 19571
173 186 3 16932
174 186 3 17849
175 186 3 17851
176 186 3 17594
177 186 3 18197
178 186 3 17611
179 186 3 17756
180 186 3 19615
181 186 3 19456
182 186 3 18040
183 186 3 19257
184 186 3 20437
185 186 3 19026
186 186 3 19229
187 186 3 20278
173 187 3 18943
174 187 3 18452
175 187 3 18605
176 187 3 18781
177 187 3 17672
178 187 3 17492
179 187 3 18329
180 187 3 18987
181 187 3 18950
182 187 3 18973
183 187 3 19267
184 187 3 19415
185 187 3 20528
186 187 3 20817
187 187 3 18982
173 188 3 19063
174 188 3 18069
175 188 3 18378
176 188 3 18411
177 188 3 17456
178 188 3 17911
179 188 3 18339
180 188 3 18741
181 188 3 18864
182 188 3 18153
183 188 3 19106
184 188 3 19625
185 188 3 19608
186 188 3 20379
187 188 3 18813
173 189 3 18522
174 189 3 17555
175 189 3 16575
176 189 3 19639
177 189 3 19351
178 189 3 16806
179 189 3 17868
180 189 3 19113
181 189 3 18254
182 189 3 17502
183 189 3 19747
184 189 3 21328
185 189 3 19754
186 189 3 20091
187 189 3 20983
173 175 4 11026
174 175 4 9516
175 175 4 10657
176 175 4 12308
177 175 4 11350
178 175 4 11446
179 175 4 10735
180 175 4 9754
181 175 4 13308
182 175 4 12654
183 175 4 9211
184 175 4 7024
185 175 4 5580
186 175 4 6126
187 175 4 4717
173 176 4 10253
174 176 4 10073
175 176 4 13082
176 176 4 12881
177 176 4 12087
178 176 4 13477
179 176 4 12351
180 176 4 11036
181 176 4 13723
182 176 4 13413
183 176 4 8708
184 176 4 6059
185 176 4 4981
186 176 4 4531
187 176 4 6912
173 177 4 11732
174 177 4 12717
175 177 4 13799
176 177 4 13588
177 177 4 14272
178 177 4 14504
179 177 4 14000
180 177 4 13132
181 177 4 13415
182 177 4 13112
183 177 4 10561
184 177 4 7373
185 177 4 5009
186 177 4 4767
187 177 4 7030
173 178 4 13362
174 178 4 14953
175 178 4 14534
176 178 4 13951
177 178 4 14017
178 178 4 14155
179 178 4 14080
180 178 4 13651
181 178 4 13628
182 178 4 11820
183 178 4 10262
184 178 4 9037
185 178 4 7237
186 178 4 5837
187 178 4 6082
173 179 4 14578
174 179 4 15744
175 179 4 13983
176 179 4 12740
177 179 4 12943
178 179 4 14821
179 179 4 14967
180 179 4 13964
181 179 4 14516
182 179 4 12789
183 179 4 10716
184 179 4 9957
185 179 4 8841
186 179 4 8114
187 179 4 8277
173 180 4 16259
174 180 4 15908
175 180 4 13592
176 180 4 12480
177 180 4 13079
178 180 4 14893
179 180 4 15451
180 180 4 14969
181 180 4 15290
182 180 4 12622
183 180 4 10951
184 180 4 11720
185 180 4 10684
186 180 4 9623
187 180 4 9764
173 181 4 16227
174 181 4 15951
175 181 4 15344
176 181 4 14261
177 181 4 14064
178 181 4 14779
179 181 4 16023
180 181 4 15712
181 181 4 14077
182 181 4 11854
183 181 4 10558
184 181 4 10568
185 181 4 9986
186 181 4 10496
187 181 4 10599
173 182 4 15989
174 182 4 16350
175 182 4 14965
176 182 4 15205
177 182 4 15342
178 182 4 14754
179 182 4 17031
180 182 4 16365
181 182 4 13156
182 182 4 11594
183 182 4 10855
184 182 4 11293
185 182 4 10220
186 182 4 10866
187 182 4 11060
173 183 4 16141
174 183 4 16740
175 183 4 14784
176 183 4 14920
177 183 4 15037
178 183 4 14497
179 183 4 14788
180 183 4 14824
181 183 4 14040
182 183 4 10514
183 183 4 9451
184 183 4 12426
185 183 4 11776
186 183 4 9908
187 183 4 9282
173 184 4 15873
174 184 4 16091
175 184 4 16925
176 184 4 15371
177 184 4 14729
178 184 4 16059
179 184 4 15116
180 184 4 14558
181 184 4 14556
182 184 4 12533
183 184 4 11220
184 184 4 10758
185 184 4 10656
186 184 4 9821
187 184 4 7536
173 185 4 16979
174 185 4 16189
175 185 4 16636
176 185 4 15237
177 185 4 15805
178 185 4 17645
179 185 4 17219
180 185 4 15833
181 185 4 14271
182 185 4 14803
183 185 4 13909
184 185 4 10625
185 185 4 9213
186 185 4 7536
187 185 4 5710
173 186 4 15811
174 186 4 15962
175 186 4 16391
176 186 4 15071
177 186 4 16228
178 186 4 17013
179 186 4 15208
180 186 4 14157
181 186 4 13444
182 186 4 12082
183 186 4 10960
184 186 4 11139
185 186 4 9542
186 186 4 6552
187 186 4 6175
173 187 4 12114
174 187 4 15073
175 187 4 16990
176 187 4 15812
177 187 4 16254
178 187 4 15905
179 187 4 14821
180 187 4 13429
181 187 4 12725
182 187 4 13056
183 187 4 12991
184 187 4 11842
185 187 4 9474
186 187 4 9697
187 187 4 9797
173 188 4 12865
174 188 4 14419
175 188 4 14645
176 188 4 15011
177 188 4 15380
178 188 4 14439
179 188 4 14264
180 188 4 12433
181 188 4 11133
182 188 4 12220
183 188 4 13204
184 188 4 12806
185 188 4 10845
186 188 4 9264
187 188 4 7825
173 189 4 14134
174 189 4 12895
175 189 4 14149
176 189 4 14352
177 189 4 13134
178 189 4 13425
179 189 4 12178
180 189 4 9788
181 189 4 10373
182 189 4 10329
183 189 4 9210
184 189 4 10599
185 189 4 11778
186 189 4 9728
187 189 4 6935
173 175 5 9271
174 175 5 16739
175 175 5 10793
183 175 5 3844
185 175 5 7722
186 175 5 13536
187 175 5 16529
173 176 5 14340
174 176 5 14506
175 176 5 5090
178 176 5 3583
183 176 5 3701
184 176 5 3886
185 176 5 8351
186 176 5 11488
187 176 5 16164
173 177 5 16753
174 177 5 11042
177 177 5 5243
178 177 5 4533
182 177 5 3579
183 177 5 5454
184 177 5 3554
185 177 5 6505
186 177 5 12295
187 177 5 20043
173 178 5 15649
174 178 5 6527
177 178 5 5668
179 178 5 4038
183 178 5 3764
185 178 5 5742
186 178 5 14964
187 178 5 24741
173 179 5 11662
174 179 5 3936
175 179 5 3475
176 179 5 4719
177 179 5 5367
179 179 5 4754
180 179 5 3632
185 179 5 7849
186 179 5 17594
187 179 5 22405
173 180 5 8167
177 180 5 3817
179 180 5 3756
180 180 5 3621
181 180 5 4192
183 180 5 3645
185 180 5 9770
186 180 5 18757
187 180 5 17428
173 181 5 5101
179 181 5 3915
185 181 5 10811
186 181 5 15801
187 181 5 15224
178 182 5 3737
179 182 5 4208
180 182 5 4254
181 182 5 4127
184 182 5 6708
185 182 5 9264
186 182 5 12328
187 182 5 13777
178 183 5 4709
179 183 5 4948
180 183 5 4165
181 183 5 5880
182 183 5 5728
183 183 5 4590
184 183 5 5063
185 183 5 7339
186 183 5 13627
187 183 5 13525
177 184 5 3909
178 184 5 4678
179 184 5 6143
180 184 5 4825
181 184 5 4566
182 184 5 5523
185 184 5 8444
186 184 5 14593
187 184 5 11972
175 185 5 4360
176 185 5 4142
177 185 5 5146
178 185 5 4760
179 185 5 5558
180 185 5 6347
181 185 5 3738
182 185 5 4049
183 185 5 4787
184 185 5 4611
185 185 5 9663
186 185 5 11274
187 185 5 9084
173 186 5 4059
175 186 5 4970
177 186 5 4953
178 186 5 4190
179 186 5 3532
180 186 5 4690
182 186 5 4312
183 186 5 5720
184 186 5 5944
185 186 5 6953
186 186 5 8852
187 186 5 9779
173 187 5 4417
177 187 5 5337
178 187 5 4493
179 187 5 4389
180 187 5 5720
181 187 5 3764
182 187 5 4115
183 187 5 4328
184 187 5 5094
185 187 5 4864
186 187 5 7727
187 187 5 9075
173 188 5 5729
176 188 5 4020
177 188 5 6939
178 188 5 5628
179 188 5 7216
180 188 5 9751
181 188 5 7075
182 188 5 5724
183 188 5 7123
184 188 5 4696
185 188 5 4717
186 188 5 6622
187 188 5 6306
173 189 5 3626
174 189 5 4579
175 189 5 4590
176 189 5 4286
177 189 5 4658
178 189 5 5000
179 189 5 6411
180 189 5 9164
181 189 5 9109
182 189 5 7250
183 189 5 8615
184 189 5 5904
185 189 5 5042
186 189 5 5881
187 189 5 4600
