# voxel data; rover 3.0.14
# --------------------------
# Voxel_Size: 0.0097656 0.0097656 0.1
# Voxel_Numbers: 441 
# Frame_Numbers: 1
# Frame_Times: 0.5
# Data_Units: N/A
# Voxel_Units: cm
# Time_Units: s
# File: AnonymizedUnknown_20151123_MR_S123.v
# Description: Unknown
# Name: Anonymized
# Birthday: Cz sty 1 1970
# Height: 0.00 cm
# Weight: 0.00 kg
# Sex: U
# Radiopharmaceutical: MR data
# Isotope_Code: Unknown
# Dose_Start_Time: Cz sty 1 01:00:00 1970
# Scan_Start_Time: Cz sty 1 01:00:00 1970
# Dosage: 0.00 Bq
# x_dimension: 256
# y_dimension: 256
# z_dimension: 1
# Roi_Name: Mask_1.1
# Threshold: 0
# Reference_Value: 0
65 95 1 16867
66 95 1 19201
67 95 1 21185
68 95 1 19630
69 95 1 21868
70 95 1 22474
71 95 1 18743
72 95 1 18996
73 95 1 23618
74 95 1 21676
75 95 1 18360
76 95 1 20354
77 95 1 17323
78 95 1 15587
79 95 1 19703
80 95 1 19384
81 95 1 17159
82 95 1 20199
83 95 1 23966
84 95 1 21838
85 95 1 19946
65 96 1 15162
66 96 1 18303
67 96 1 20606
68 96 1 18942
69 96 1 19497
70 96 1 17222
71 96 1 16827
72 96 1 20783
73 96 1 22706
74 96 1 22357
75 96 1 19229
76 96 1 16210
77 96 1 15199
78 96 1 16397
79 96 1 19732
80 96 1 17958
81 96 1 20256
82 96 1 22731
83 96 1 18375
84 96 1 18334
85 96 1 20291
65 97 1 19363
66 97 1 16046
67 97 1 15949
68 97 1 18193
69 97 1 17454
70 97 1 15751
71 97 1 17016
72 97 1 22447
73 97 1 19128
74 97 1 14750
75 97 1 20309
76 97 1 18911
77 97 1 19520
78 97 1 24270
79 97 1 21798
80 97 1 18997
81 97 1 18347
82 97 1 17693
83 97 1 18964
84 97 1 18831
85 97 1 20764
65 98 1 17875
66 98 1 15496
67 98 1 16052
68 98 1 17056
69 98 1 16825
70 98 1 19436
71 98 1 20113
72 98 1 21201
73 98 1 20253
74 98 1 15317
75 98 1 20324
76 98 1 24111
77 98 1 20028
78 98 1 22620
79 98 1 22881
80 98 1 19842
81 98 1 18954
82 98 1 18094
83 98 1 20383
84 98 1 17494
85 98 1 19012
65 99 1 16720
66 99 1 16317
67 99 1 16939
68 99 1 18582
69 99 1 19392
70 99 1 18832
71 99 1 19642
72 99 1 19250
73 99 1 22555
74 99 1 23716
75 99 1 21198
76 99 1 19176
77 99 1 17568
78 99 1 22351
79 99 1 23309
80 99 1 18170
81 99 1 20759
82 99 1 20902
83 99 1 16280
84 99 1 14695
85 99 1 15712
65 100 1 17034
66 100 1 16623
67 100 1 15608
68 100 1 20367
69 100 1 20474
70 100 1 18996
71 100 1 20973
72 100 1 18002
73 100 1 17807
74 100 1 23466
75 100 1 23949
76 100 1 19922
77 100 1 20644
78 100 1 25063
79 100 1 21882
80 100 1 15548
81 100 1 16287
82 100 1 16004
83 100 1 15984
84 100 1 19626
85 100 1 20547
65 101 1 12959
66 101 1 21093
67 101 1 16512
68 101 1 16668
69 101 1 21351
70 101 1 21228
71 101 1 23257
72 101 1 20983
73 101 1 17642
74 101 1 18882
75 101 1 21757
76 101 1 23930
77 101 1 20402
78 101 1 19141
79 101 1 18815
80 101 1 14241
81 101 1 15919
82 101 1 20576
83 101 1 20659
84 101 1 20994
85 101 1 23103
65 102 1 16854
66 102 1 21465
67 102 1 18399
68 102 1 15442
69 102 1 20933
70 102 1 20789
71 102 1 22417
72 102 1 25912
73 102 1 22371
74 102 1 18068
75 102 1 17274
76 102 1 18352
77 102 1 15904
78 102 1 16915
79 102 1 21303
80 102 1 20551
81 102 1 22700
82 102 1 23643
83 102 1 20808
84 102 1 22583
85 102 1 20245
65 103 1 22362
66 103 1 15686
67 103 1 18472
68 103 1 19431
69 103 1 18460
70 103 1 19826
71 103 1 21777
72 103 1 22987
73 103 1 20035
74 103 1 18325
75 103 1 17851
76 103 1 14948
77 103 1 17812
78 103 1 18917
79 103 1 20298
80 103 1 24948
81 103 1 22098
82 103 1 18152
83 103 1 19606
84 103 1 23473
85 103 1 22816
65 104 1 19804
66 104 1 17913
67 104 1 16440
68 104 1 20663
69 104 1 18776
70 104 1 21219
71 104 1 22643
72 104 1 17869
73 104 1 15948
74 104 1 18720
75 104 1 19095
76 104 1 16440
77 104 1 19421
78 104 1 20238
79 104 1 18197
80 104 1 19971
81 104 1 20148
82 104 1 22128
83 104 1 20053
84 104 1 17361
85 104 1 22829
65 105 1 18179
66 105 1 19824
67 105 1 18020
68 105 1 20445
69 105 1 20697
70 105 1 20178
71 105 1 21823
72 105 1 19561
73 105 1 18088
74 105 1 19242
75 105 1 18620
76 105 1 16680
77 105 1 17156
78 105 1 21771
79 105 1 20907
80 105 1 18521
81 105 1 22951
82 105 1 22872
83 105 1 20088
84 105 1 19568
85 105 1 20491
65 106 1 18598
66 106 1 17567
67 106 1 19928
68 106 1 21851
69 106 1 20241
70 106 1 19170
71 106 1 21455
72 106 1 22518
73 106 1 21707
74 106 1 21845
75 106 1 20139
76 106 1 18935
77 106 1 18376
78 106 1 18489
79 106 1 20572
80 106 1 23636
81 106 1 21495
82 106 1 17533
83 106 1 19806
84 106 1 22842
85 106 1 20429
65 107 1 19115
66 107 1 17332
67 107 1 17511
68 107 1 21325
69 107 1 21312
70 107 1 20065
71 107 1 21736
72 107 1 23276
73 107 1 23937
74 107 1 21792
75 107 1 20218
76 107 1 20809
77 107 1 19685
78 107 1 18562
79 107 1 20805
80 107 1 23181
81 107 1 20227
82 107 1 19041
83 107 1 19164
84 107 1 16133
85 107 1 17611
65 108 1 20196
66 108 1 17782
67 108 1 17344
68 108 1 22391
69 108 1 21123
70 108 1 18047
71 108 1 20041
72 108 1 23516
73 108 1 23233
74 108 1 19058
75 108 1 19306
76 108 1 19842
77 108 1 17709
78 108 1 22108
79 108 1 22591
80 108 1 20013
81 108 1 22339
82 108 1 19745
83 108 1 14850
84 108 1 17627
85 108 1 18897
65 109 1 17252
66 109 1 17246
67 109 1 19311
68 109 1 19938
69 109 1 19686
70 109 1 19435
71 109 1 20050
72 109 1 20024
73 109 1 21010
74 109 1 21136
75 109 1 19498
76 109 1 18388
77 109 1 17015
78 109 1 17368
79 109 1 17583
80 109 1 19769
81 109 1 21810
82 109 1 19166
83 109 1 19064
84 109 1 22536
85 109 1 21691
65 110 1 18584
66 110 1 20875
67 110 1 16821
68 110 1 13900
69 110 1 20594
70 110 1 25353
71 110 1 21400
72 110 1 17935
73 110 1 21232
74 110 1 21232
75 110 1 17724
76 110 1 19930
77 110 1 19895
78 110 1 16170
79 110 1 16555
80 110 1 20273
81 110 1 20644
82 110 1 16854
83 110 1 18492
84 110 1 19869
85 110 1 19633
65 111 1 23272
66 111 1 20969
67 111 1 16106
68 111 1 17682
69 111 1 21225
70 111 1 22941
71 111 1 21074
72 111 1 20350
73 111 1 18784
74 111 1 16009
75 111 1 18578
76 111 1 22106
77 111 1 23388
78 111 1 21119
79 111 1 18424
80 111 1 19312
81 111 1 17262
82 111 1 12019
83 111 1 11753
84 111 1 16029
85 111 1 18549
65 112 1 17267
66 112 1 17183
67 112 1 19480
68 112 1 20948
69 112 1 19865
70 112 1 18825
71 112 1 21554
72 112 1 21574
73 112 1 15915
74 112 1 18889
75 112 1 20135
76 112 1 16159
77 112 1 21520
78 112 1 22491
79 112 1 19207
80 112 1 19716
81 112 1 15774
82 112 1 13522
83 112 1 16550
84 112 1 16075
85 112 1 18419
65 113 1 15501
66 113 1 17642
67 113 1 19040
68 113 1 18068
69 113 1 18342
70 113 1 17713
71 113 1 20994
72 113 1 22465
73 113 1 20390
74 113 1 22961
75 113 1 19546
76 113 1 11739
77 113 1 15931
78 113 1 22313
79 113 1 21711
80 113 1 20179
81 113 1 18524
82 113 1 18312
83 113 1 19022
84 113 1 17645
85 113 1 18683
65 114 1 22448
66 114 1 18707
67 114 1 18439
68 114 1 20582
69 114 1 18218
70 114 1 17243
71 114 1 19716
72 114 1 23201
73 114 1 22193
74 114 1 20584
75 114 1 21495
76 114 1 18389
77 114 1 16841
78 114 1 21590
79 114 1 21579
80 114 1 18908
81 114 1 18822
82 114 1 18656
83 114 1 18167
84 114 1 17879
85 114 1 19491
65 115 1 22094
66 115 1 19510
67 115 1 19121
68 115 1 18991
69 115 1 20404
70 115 1 22709
71 115 1 21056
72 115 1 19050
73 115 1 19126
74 115 1 21972
75 115 1 23329
76 115 1 22707
77 115 1 22968
78 115 1 19862
79 115 1 18444
80 115 1 20701
81 115 1 19529
82 115 1 17725
83 115 1 17802
84 115 1 17256
85 115 1 17683
