# voxel data; rover 3.0.14
# --------------------------
# Voxel_Size: 0.0097656 0.0097656 0.01
# Voxel_Numbers: 1046 
# Frame_Numbers: 1
# Frame_Times: 0.5
# Data_Units: N/A
# Voxel_Units: cm
# Time_Units: s
# File: AnonymizedUnknown_20151207_MR_S123.v
# Description: Unknown
# Name: Anonymized
# Birthday: Cz sty 1 1970
# Height: 0.00 cm
# Weight: 0.00 kg
# Sex: U
# Radiopharmaceutical: MR data
# Isotope_Code: Unknown
# Dose_Start_Time: Cz sty 1 01:00:00 1970
# Scan_Start_Time: Cz sty 1 01:00:00 1970
# Dosage: 0.00 Bq
# x_dimension: 256
# y_dimension: 256
# z_dimension: 5
# Roi_Name: Mask_1.1
# Threshold: 0
# Reference_Value: 0
173 175 1 10689
176 175 1 16661
177 175 1 19578
178 175 1 19675
179 175 1 16688
180 175 1 19324
181 175 1 19522
182 175 1 19828
183 175 1 23383
184 175 1 22764
185 175 1 22157
186 175 1 24278
187 175 1 23107
173 176 1 11052
175 176 1 16572
176 176 1 19580
177 176 1 22420
178 176 1 22621
179 176 1 18382
180 176 1 18380
181 176 1 20646
182 176 1 21361
183 176 1 23055
184 176 1 24456
185 176 1 24259
186 176 1 24282
187 176 1 24205
174 177 1 13719
175 177 1 17706
176 177 1 21179
177 177 1 22753
178 177 1 21388
179 177 1 19664
180 177 1 17563
181 177 1 19272
182 177 1 21712
183 177 1 21755
184 177 1 22674
185 177 1 25309
186 177 1 25084
187 177 1 22865
173 178 1 10126
174 178 1 15703
175 178 1 20034
176 178 1 20244
177 178 1 22508
178 178 1 22458
179 178 1 18571
180 178 1 17029
181 178 1 19438
182 178 1 23306
183 178 1 23814
184 178 1 24683
185 178 1 26576
186 178 1 24880
187 178 1 22713
173 179 1 14252
174 179 1 15358
175 179 1 20335
176 179 1 21225
177 179 1 22234
178 179 1 22864
179 179 1 17062
180 179 1 15790
181 179 1 21279
182 179 1 24530
183 179 1 24322
184 179 1 25663
185 179 1 24708
186 179 1 23620
187 179 1 24419
173 180 1 16177
174 180 1 19118
175 180 1 18934
176 180 1 19521
177 180 1 22498
178 180 1 21495
179 180 1 17528
180 180 1 18139
181 180 1 22145
182 180 1 24416
183 180 1 25914
184 180 1 25667
185 180 1 22707
186 180 1 21561
187 180 1 23195
173 181 1 18698
174 181 1 22834
175 181 1 20098
176 181 1 17844
177 181 1 23227
178 181 1 23260
179 181 1 19812
180 181 1 22104
181 181 1 23228
182 181 1 21917
183 181 1 23866
184 181 1 25048
185 181 1 23518
186 181 1 20778
187 181 1 21641
173 182 1 22786
174 182 1 22361
175 182 1 22703
176 182 1 22152
177 182 1 22559
178 182 1 22115
179 182 1 19863
180 182 1 20974
181 182 1 21659
182 182 1 20256
183 182 1 21361
184 182 1 22519
185 182 1 21805
186 182 1 21310
187 182 1 22657
173 183 1 24061
174 183 1 23101
175 183 1 23329
176 183 1 23347
177 183 1 21978
178 183 1 20346
179 183 1 19468
180 183 1 20510
181 183 1 22423
182 183 1 23416
183 183 1 23396
184 183 1 23366
185 183 1 22845
186 183 1 22700
187 183 1 23729
173 184 1 25234
174 184 1 25294
175 184 1 24049
176 184 1 22357
177 184 1 21892
178 184 1 21418
179 184 1 20563
180 184 1 21222
181 184 1 22399
182 184 1 21676
183 184 1 21296
184 184 1 23154
185 184 1 23976
186 184 1 23573
187 184 1 24044
173 185 1 27513
174 185 1 27003
175 185 1 27579
176 185 1 24844
177 185 1 20612
178 185 1 21309
179 185 1 21908
180 185 1 19851
181 185 1 19390
182 185 1 20250
183 185 1 21837
184 185 1 22707
185 185 1 21693
186 185 1 23062
187 185 1 23846
173 186 1 28898
174 186 1 29752
175 186 1 29792
176 186 1 25353
177 186 1 19655
178 186 1 18712
179 186 1 20225
180 186 1 20322
181 186 1 19964
182 186 1 21406
183 186 1 23644
184 186 1 24080
185 186 1 22914
186 186 1 22752
187 186 1 22169
173 187 1 29744
174 187 1 29639
175 187 1 27963
176 187 1 24862
177 187 1 19575
178 187 1 13631
179 187 1 14986
180 187 1 20619
181 187 1 21439
182 187 1 20948
183 187 1 22272
184 187 1 22595
185 187 1 23709
186 187 1 23287
187 187 1 21061
173 188 1 29194
174 188 1 27557
175 188 1 25635
176 188 1 22802
177 188 1 16906
178 188 1 11081
179 188 1 13462
180 188 1 20775
181 188 1 23301
182 188 1 24746
183 188 1 26891
184 188 1 24488
185 188 1 23696
186 188 1 23962
187 188 1 22397
173 189 1 28870
174 189 1 27360
175 189 1 23908
176 189 1 18094
177 189 1 13912
178 189 1 14983
179 189 1 19669
180 189 1 23396
181 189 1 24163
182 189 1 24711
183 189 1 25434
184 189 1 24410
185 189 1 23895
186 189 1 23202
187 189 1 22018
173 175 2 10981
174 175 2 11656
175 175 2 13027
176 175 2 15358
177 175 2 18197
178 175 2 19265
179 175 2 18664
180 175 2 19508
181 175 2 20558
182 175 2 20960
183 175 2 23108
184 175 2 25467
185 175 2 26006
186 175 2 25425
187 175 2 23670
173 176 2 13019
174 176 2 12078
175 176 2 13690
176 176 2 17901
177 176 2 18771
178 176 2 18445
179 176 2 17996
180 176 2 18197
181 176 2 18455
182 176 2 18313
183 176 2 21944
184 176 2 25430
185 176 2 24026
186 176 2 24394
187 176 2 24624
173 177 2 14167
174 177 2 13333
175 177 2 15638
176 177 2 18339
177 177 2 19316
178 177 2 17733
179 177 2 15316
180 177 2 16005
181 177 2 18085
182 177 2 19591
183 177 2 21278
184 177 2 22268
185 177 2 22729
186 177 2 23553
187 177 2 24220
173 178 2 14046
174 178 2 16468
175 178 2 16806
176 178 2 17167
177 178 2 17822
178 178 2 15332
179 178 2 12747
180 178 2 13272
181 178 2 16682
182 178 2 20573
183 178 2 21625
184 178 2 21014
185 178 2 23157
186 178 2 23565
187 178 2 21168
173 179 2 15054
174 179 2 16861
175 179 2 17837
176 179 2 18060
177 179 2 17544
178 179 2 16125
179 179 2 13442
180 179 2 12811
181 179 2 16148
182 179 2 19481
183 179 2 18103
184 179 2 20462
185 179 2 23642
186 179 2 21575
187 179 2 20402
173 180 2 15860
174 180 2 17590
175 180 2 18492
176 180 2 18725
177 180 2 20481
178 180 2 19404
179 180 2 16979
180 180 2 16395
181 180 2 18888
182 180 2 20504
183 180 2 18826
184 180 2 20537
185 180 2 23231
186 180 2 21655
187 180 2 22348
173 181 2 18621
174 181 2 20532
175 181 2 19164
176 181 2 18916
177 181 2 20868
178 181 2 19916
179 181 2 19408
180 181 2 20648
181 181 2 19445
182 181 2 20248
183 181 2 22261
184 181 2 21732
185 181 2 22452
186 181 2 22705
187 181 2 22149
173 182 2 20556
174 182 2 18900
175 182 2 17645
176 182 2 18663
177 182 2 20091
178 182 2 20609
179 182 2 19148
180 182 2 19499
181 182 2 19781
182 182 2 18892
183 182 2 20512
184 182 2 22972
185 182 2 23227
186 182 2 21614
187 182 2 21699
173 183 2 18732
174 183 2 17392
175 183 2 17858
176 183 2 19528
177 183 2 20285
178 183 2 20841
179 183 2 19789
180 183 2 20274
181 183 2 22243
182 183 2 20540
183 183 2 19218
184 183 2 22430
185 183 2 23855
186 183 2 21746
187 183 2 22231
173 184 2 18569
174 184 2 19666
175 184 2 22019
176 184 2 23025
177 184 2 21252
178 184 2 21085
179 184 2 22874
180 184 2 22913
181 184 2 22075
182 184 2 20942
183 184 2 20404
184 184 2 21948
185 184 2 23224
186 184 2 21717
187 184 2 21511
173 185 2 20039
174 185 2 19953
175 185 2 21351
176 185 2 23750
177 185 2 23684
178 185 2 22719
179 185 2 22946
180 185 2 22385
181 185 2 20660
182 185 2 20155
183 185 2 21705
184 185 2 23357
185 185 2 23230
186 185 2 22293
187 185 2 22147
173 186 2 21393
174 186 2 19712
175 186 2 18616
176 186 2 21387
177 186 2 22907
178 186 2 21815
179 186 2 21418
180 186 2 20623
181 186 2 20383
182 186 2 21639
183 186 2 21291
184 186 2 21682
185 186 2 23131
186 186 2 22715
187 186 2 21791
173 187 2 22236
174 187 2 22161
175 187 2 20845
176 187 2 20973
177 187 2 22498
178 187 2 22418
179 187 2 22055
180 187 2 20398
181 187 2 20006
182 187 2 21462
183 187 2 19878
184 187 2 20366
185 187 2 22554
186 187 2 20783
187 187 2 20680
173 188 2 21309
174 188 2 22778
175 188 2 21178
176 188 2 20977
177 188 2 23529
178 188 2 23004
179 188 2 21930
180 188 2 22083
181 188 2 21289
182 188 2 20326
183 188 2 20632
184 188 2 22820
185 188 2 22440
186 188 2 20662
187 188 2 22474
173 189 2 21312
174 189 2 19748
175 189 2 19291
176 189 2 21367
177 189 2 21062
178 189 2 19870
179 189 2 21408
180 189 2 21609
181 189 2 20898
182 189 2 20503
183 189 2 20134
184 189 2 21762
185 189 2 22294
186 189 2 20928
187 189 2 21238
173 175 3 19529
174 175 3 20962
175 175 3 23389
176 175 3 22789
177 175 3 21054
178 175 3 20168
179 175 3 23176
180 175 3 24196
181 175 3 22950
182 175 3 25484
183 175 3 26209
184 175 3 22905
185 175 3 22196
186 175 3 24072
187 175 3 23685
173 176 3 21285
174 176 3 22187
175 176 3 22667
176 176 3 22194
177 176 3 20621
178 176 3 21589
179 176 3 24617
180 176 3 24646
181 176 3 24573
182 176 3 25037
183 176 3 23501
184 176 3 22476
185 176 3 22564
186 176 3 23636
187 176 3 24490
173 177 3 22547
174 177 3 21634
175 177 3 23119
176 177 3 23215
177 177 3 22451
178 177 3 24367
179 177 3 23980
180 177 3 22895
181 177 3 24487
182 177 3 24701
183 177 3 23480
184 177 3 22681
185 177 3 22031
186 177 3 22458
187 177 3 23412
173 178 3 20399
174 178 3 19875
175 178 3 21838
176 178 3 24780
177 178 3 25103
178 178 3 24572
179 178 3 22417
180 178 3 21512
181 178 3 23633
182 178 3 23814
183 178 3 24929
184 178 3 26841
185 178 3 24793
186 178 3 23552
187 178 3 23917
173 179 3 20788
174 179 3 21149
175 179 3 20090
176 179 3 23342
177 179 3 24924
178 179 3 23196
179 179 3 22215
180 179 3 23525
181 179 3 24690
182 179 3 24250
183 179 3 24308
184 179 3 25937
185 179 3 25706
186 179 3 23921
187 179 3 23917
173 180 3 19736
174 180 3 22232
175 180 3 21693
176 180 3 21854
177 180 3 23742
178 180 3 23097
179 180 3 22988
180 180 3 24651
181 180 3 24296
182 180 3 23251
183 180 3 22064
184 180 3 22591
185 180 3 23557
186 180 3 24026
187 180 3 25303
173 181 3 16930
174 181 3 21371
175 181 3 23256
176 181 3 23043
177 181 3 24081
178 181 3 24386
179 181 3 23757
180 181 3 24102
181 181 3 23578
182 181 3 22853
183 181 3 23741
184 181 3 24031
185 181 3 24283
186 181 3 24763
187 181 3 24175
173 182 3 19301
174 182 3 22155
175 182 3 23064
176 182 3 23017
177 182 3 23567
178 182 3 24818
179 182 3 24635
180 182 3 24225
181 182 3 22870
182 182 3 23056
183 182 3 25709
184 182 3 24400
185 182 3 23338
186 182 3 24213
187 182 3 22399
173 183 3 21545
174 183 3 21313
175 183 3 21978
176 183 3 22810
177 183 3 23058
178 183 3 24804
179 183 3 25446
180 183 3 23677
181 183 3 22026
182 183 3 21928
183 183 3 23169
184 183 3 23536
185 183 3 22219
186 183 3 23723
187 183 3 25312
173 184 3 20828
174 184 3 20723
175 184 3 22303
176 184 3 22979
177 184 3 23237
178 184 3 24742
179 184 3 24825
180 184 3 23010
181 184 3 23211
182 184 3 23522
183 184 3 22922
184 184 3 23936
185 184 3 23540
186 184 3 23314
187 184 3 24827
173 185 3 22572
174 185 3 23718
175 185 3 23351
176 185 3 22826
177 185 3 22528
178 185 3 23189
179 185 3 24948
180 185 3 24351
181 185 3 23789
182 185 3 25140
183 185 3 24739
184 185 3 23397
185 185 3 22430
186 185 3 21680
187 185 3 21485
173 186 3 23540
174 186 3 23798
175 186 3 22331
176 186 3 24342
177 186 3 23814
178 186 3 23213
179 186 3 26258
180 186 3 24354
181 186 3 22035
182 186 3 24353
183 186 3 25319
184 186 3 23456
185 186 3 21452
186 186 3 21951
187 186 3 20961
173 187 3 22326
174 187 3 21288
175 187 3 21325
176 187 3 23464
177 187 3 24875
178 187 3 24748
179 187 3 25212
180 187 3 23269
181 187 3 20808
182 187 3 23981
183 187 3 25668
184 187 3 22419
185 187 3 22512
186 187 3 23574
187 187 3 21163
173 188 3 22481
174 188 3 20736
175 188 3 21857
176 188 3 21461
177 188 3 21698
178 188 3 23202
179 188 3 24005
180 188 3 23540
181 188 3 22345
182 188 3 23440
183 188 3 23776
184 188 3 22002
185 188 3 22660
186 188 3 22824
187 188 3 22874
173 189 3 23259
174 189 3 21882
175 189 3 23420
176 189 3 23967
177 189 3 20635
178 189 3 22165
179 189 3 23921
180 189 3 22123
181 189 3 23700
182 189 3 24380
183 189 3 22931
184 189 3 23668
185 189 3 23577
186 189 3 23019
187 189 3 23534
173 175 4 12394
174 175 4 11579
175 175 4 13641
176 175 4 17411
177 175 4 15665
178 175 4 13880
179 175 4 15078
180 175 4 15097
181 175 4 14169
182 175 4 13422
183 175 4 11195
184 175 4 8283
185 175 4 7030
186 175 4 7312
187 175 4 7621
173 176 4 14357
174 176 4 15656
175 176 4 16887
176 176 4 17428
177 176 4 15634
178 176 4 15155
179 176 4 17041
180 176 4 16575
181 176 4 16048
182 176 4 13397
183 176 4 10863
184 176 4 9062
185 176 4 6147
186 176 4 6541
187 176 4 10393
173 177 4 14491
174 177 4 17757
175 177 4 18204
176 177 4 16895
177 177 4 16360
178 177 4 17692
179 177 4 18289
180 177 4 18964
181 177 4 18653
182 177 4 13555
183 177 4 11196
184 177 4 9961
185 177 4 7791
186 177 4 8134
187 177 4 10187
173 178 4 16649
174 178 4 18752
175 178 4 18582
176 178 4 16591
177 178 4 17112
178 178 4 18721
179 178 4 18264
180 178 4 18911
181 178 4 17110
182 178 4 12746
183 178 4 11878
184 178 4 11476
185 178 4 10573
186 178 4 9801
187 178 4 11703
173 179 4 19759
174 179 4 20260
175 179 4 18921
176 179 4 16396
177 179 4 18537
178 179 4 19511
179 179 4 17374
180 179 4 18649
181 179 4 17569
182 179 4 14615
183 179 4 13049
184 179 4 11472
185 179 4 10130
186 179 4 10026
187 179 4 12395
173 180 4 20594
174 180 4 18846
175 180 4 18871
176 180 4 18436
177 180 4 18798
178 180 4 19243
179 180 4 18802
180 180 4 19246
181 180 4 18085
182 180 4 17141
183 180 4 15695
184 180 4 12957
185 180 4 10893
186 180 4 12179
187 180 4 12101
173 181 4 21305
174 181 4 18090
175 181 4 18419
176 181 4 19764
177 181 4 18110
178 181 4 19320
179 181 4 20448
180 181 4 17408
181 181 4 16628
182 181 4 17342
183 181 4 16223
184 181 4 13872
185 181 4 11697
186 181 4 14367
187 181 4 14253
173 182 4 22493
174 182 4 20808
175 182 4 18747
176 182 4 19477
177 182 4 20005
178 182 4 20790
179 182 4 21077
180 182 4 18610
181 182 4 17538
182 182 4 17261
183 182 4 16767
184 182 4 15333
185 182 4 13876
186 182 4 15412
187 182 4 13677
173 183 4 21733
174 183 4 22316
175 183 4 20491
176 183 4 19668
177 183 4 20871
178 183 4 21107
179 183 4 21992
180 183 4 20743
181 183 4 17219
182 183 4 15352
183 183 4 16174
184 183 4 16343
185 183 4 15924
186 183 4 15278
187 183 4 12097
173 184 4 19867
174 184 4 21017
175 184 4 21771
176 184 4 19730
177 184 4 20338
178 184 4 22044
179 184 4 21423
180 184 4 19559
181 184 4 17173
182 184 4 16155
183 184 4 15622
184 184 4 15193
185 184 4 14653
186 184 4 13156
187 184 4 12674
173 185 4 20675
174 185 4 20241
175 185 4 20963
176 185 4 19251
177 185 4 20115
178 185 4 22432
179 185 4 19562
180 185 4 19033
181 185 4 20694
182 185 4 19944
183 185 4 17006
184 185 4 15709
185 185 4 14240
186 185 4 10452
187 185 4 8247
173 186 4 22884
174 186 4 21938
175 186 4 20513
176 186 4 18815
177 186 4 17885
178 186 4 20718
179 186 4 20540
180 186 4 18051
181 186 4 18067
182 186 4 17491
183 186 4 15040
184 186 4 14853
185 186 4 15218
186 186 4 10329
187 186 4 5432
173 187 4 21134
174 187 4 22281
175 187 4 21341
176 187 4 20600
177 187 4 19097
178 187 4 19730
179 187 4 21554
180 187 4 18897
181 187 4 16850
182 187 4 17316
183 187 4 15192
184 187 4 14577
185 187 4 15522
186 187 4 14162
187 187 4 10824
173 188 4 19835
174 188 4 20486
175 188 4 20836
176 188 4 21410
177 188 4 20640
178 188 4 17837
179 188 4 16767
180 188 4 17438
181 188 4 18204
182 188 4 19364
183 188 4 18107
184 188 4 16107
185 188 4 14793
186 188 4 12900
187 188 4 11311
173 189 4 20844
174 189 4 19607
175 189 4 20031
176 189 4 18345
177 189 4 16632
178 189 4 17100
179 189 4 14676
180 189 4 12126
181 189 4 14535
182 189 4 16345
183 189 4 16297
184 189 4 15193
185 189 4 12353
186 189 4 9887
187 189 4 8917
173 175 5 20521
174 175 5 18595
175 175 5 3388
183 175 5 5160
185 175 5 14267
186 175 5 17691
187 175 5 19900
173 176 5 20255
174 176 5 8574
175 176 5 2101
178 176 5 2098
183 176 5 3845
184 176 5 6594
185 176 5 14161
186 176 5 14869
187 176 5 21971
173 177 5 17786
174 177 5 3388
177 177 5 4645
178 177 5 2446
182 177 5 4425
183 177 5 3709
184 177 5 6039
185 177 5 10346
186 177 5 16620
187 177 5 26242
173 178 5 11863
174 178 5 2549
177 178 5 2791
179 178 5 4400
183 178 5 3095
185 178 5 10043
186 178 5 20163
187 178 5 27227
173 179 5 5581
174 179 5 2363
175 179 5 901
176 179 5 2813
177 179 5 2035
179 179 5 4812
180 179 5 3393
185 179 5 13035
186 179 5 23957
187 179 5 24649
173 180 5 3485
177 180 5 1724
179 180 5 3107
180 180 5 3825
181 180 5 2525
183 180 5 2788
185 180 5 15563
186 180 5 25368
187 180 5 23367
173 181 5 2799
179 181 5 3188
185 181 5 16541
186 181 5 20340
187 181 5 19708
178 182 5 3327
179 182 5 2316
180 182 5 3586
181 182 5 4538
184 182 5 9573
185 182 5 14479
186 182 5 15367
187 182 5 15543
178 183 5 4394
179 183 5 3697
180 183 5 6179
181 183 5 6727
182 183 5 3757
183 183 5 4782
184 183 5 5745
185 183 5 11137
186 183 5 16530
187 183 5 15050
177 184 5 3889
178 184 5 5094
179 184 5 6115
180 184 5 6723
181 184 5 6716
182 184 5 4307
185 184 5 10649
186 184 5 15797
187 184 5 13263
175 185 5 3919
176 185 5 4812
177 185 5 4945
178 185 5 6743
179 185 5 5493
180 185 5 4396
181 185 5 6279
182 185 5 5491
183 185 5 4721
184 185 5 6173
185 185 5 11752
186 185 5 12500
187 185 5 10697
173 186 5 2834
175 186 5 5776
177 186 5 4081
178 186 5 4385
179 186 5 5738
180 186 5 4934
182 186 5 6920
183 186 5 5556
184 186 5 7163
185 186 5 10920
186 186 5 12681
187 186 5 12731
173 187 5 2448
177 187 5 4141
178 187 5 4282
179 187 5 5421
180 187 5 7281
181 187 5 7202
182 187 5 5864
183 187 5 5638
184 187 5 7020
185 187 5 9077
186 187 5 11778
187 187 5 12384
173 188 5 4850
176 188 5 7434
177 188 5 8050
178 188 5 6356
179 188 5 5170
180 188 5 8838
181 188 5 7228
182 188 5 6308
183 188 5 7247
184 188 5 7033
185 188 5 7944
186 188 5 8647
187 188 5 8594
173 189 5 6664
174 189 5 4414
175 189 5 7045
176 189 5 7340
177 189 5 7465
178 189 5 8437
179 189 5 7778
180 189 5 9735
181 189 5 7688
182 189 5 7330
183 189 5 8764
184 189 5 6811
185 189 5 9081
186 189 5 8365
187 189 5 5756
