# voxel data; rover 3.0.14
# --------------------------
# Voxel_Size: 0.0097656 0.0097656 0.1
# Voxel_Numbers: 441 
# Frame_Numbers: 1
# Frame_Times: 0.5
# Data_Units: N/A
# Voxel_Units: cm
# Time_Units: s
# File: AnonymizedUnknown_20151123_MR_S123.v
# Description: Unknown
# Name: Anonymized
# Birthday: Cz sty 1 1970
# Height: 0.00 cm
# Weight: 0.00 kg
# Sex: U
# Radiopharmaceutical: MR data
# Isotope_Code: Unknown
# Dose_Start_Time: Cz sty 1 01:00:00 1970
# Scan_Start_Time: Cz sty 1 01:00:00 1970
# Dosage: 0.00 Bq
# x_dimension: 256
# y_dimension: 256
# z_dimension: 1
# Roi_Name: Mask_1.1
# Threshold: 0
# Reference_Value: 0
65 95 1 15255
66 95 1 18279
67 95 1 18587
68 95 1 16839
69 95 1 20738
70 95 1 21948
71 95 1 16466
72 95 1 16140
73 95 1 20725
74 95 1 19807
75 95 1 16249
76 95 1 18848
77 95 1 16914
78 95 1 15672
79 95 1 18602
80 95 1 17363
81 95 1 15307
82 95 1 15485
83 95 1 16505
84 95 1 21418
85 95 1 21109
65 96 1 16126
66 96 1 19328
67 96 1 16562
68 96 1 16771
69 96 1 22243
70 96 1 21036
71 96 1 14752
72 96 1 15516
73 96 1 20474
74 96 1 18008
75 96 1 15907
76 96 1 19344
77 96 1 18021
78 96 1 15348
79 96 1 17206
80 96 1 17800
81 96 1 17882
82 96 1 18909
83 96 1 16560
84 96 1 16747
85 96 1 18782
65 97 1 14726
66 97 1 17803
67 97 1 14239
68 97 1 18029
69 97 1 20586
70 97 1 17139
71 97 1 16291
72 97 1 18816
73 97 1 18208
74 97 1 13563
75 97 1 14110
76 97 1 16629
77 97 1 19570
78 97 1 19659
79 97 1 15739
80 97 1 19408
81 97 1 22383
82 97 1 17421
83 97 1 16537
84 97 1 18026
85 97 1 19209
65 98 1 16549
66 98 1 18430
67 98 1 18658
68 98 1 18802
69 98 1 18049
70 98 1 19539
71 98 1 18172
72 98 1 16593
73 98 1 19497
74 98 1 17208
75 98 1 17640
76 98 1 19923
77 98 1 17419
78 98 1 19105
79 98 1 20262
80 98 1 20301
81 98 1 17798
82 98 1 14616
83 98 1 16309
84 98 1 18577
85 98 1 19681
65 99 1 18341
66 99 1 16875
67 99 1 19243
68 99 1 17565
69 99 1 20118
70 99 1 19768
71 99 1 15406
72 99 1 17530
73 99 1 20898
74 99 1 19482
75 99 1 21348
76 99 1 20812
77 99 1 15408
78 99 1 19508
79 99 1 21973
80 99 1 17269
81 99 1 17522
82 99 1 17700
83 99 1 14727
84 99 1 17232
85 99 1 20871
65 100 1 16923
66 100 1 13574
67 100 1 16690
68 100 1 17571
69 100 1 20134
70 100 1 15392
71 100 1 15176
72 100 1 22858
73 100 1 19504
74 100 1 16145
75 100 1 19343
76 100 1 18433
77 100 1 19032
78 100 1 20560
79 100 1 17902
80 100 1 17618
81 100 1 21128
82 100 1 19189
83 100 1 15142
84 100 1 17149
85 100 1 20678
65 101 1 14360
66 101 1 15268
67 101 1 18273
68 101 1 18996
69 101 1 17534
70 101 1 16983
71 101 1 18131
72 101 1 19521
73 101 1 20564
74 101 1 20513
75 101 1 17230
76 101 1 17406
77 101 1 21642
78 101 1 19705
79 101 1 18351
80 101 1 21468
81 101 1 19529
82 101 1 17619
83 101 1 15777
84 101 1 17419
85 101 1 22474
65 102 1 15735
66 102 1 15927
67 102 1 20125
68 102 1 20983
69 102 1 14249
70 102 1 17142
71 102 1 21718
72 102 1 18560
73 102 1 19885
74 102 1 21572
75 102 1 17363
76 102 1 15426
77 102 1 18465
78 102 1 19622
79 102 1 18591
80 102 1 19428
81 102 1 20525
82 102 1 19155
83 102 1 15947
84 102 1 18298
85 102 1 24269
65 103 1 14949
66 103 1 12724
67 103 1 18596
68 103 1 20334
69 103 1 16107
70 103 1 16528
71 103 1 21038
72 103 1 22117
73 103 1 17553
74 103 1 15322
75 103 1 17778
76 103 1 17908
77 103 1 15578
78 103 1 17763
79 103 1 19156
80 103 1 19061
81 103 1 20214
82 103 1 18911
83 103 1 17066
84 103 1 17756
85 103 1 18814
65 104 1 12628
66 104 1 14008
67 104 1 17023
68 104 1 18449
69 104 1 23072
70 104 1 21611
71 104 1 17833
72 104 1 19441
73 104 1 20241
74 104 1 18931
75 104 1 18088
76 104 1 18509
77 104 1 15897
78 104 1 15739
79 104 1 21960
80 104 1 23311
81 104 1 19699
82 104 1 18756
83 104 1 19593
84 104 1 19884
85 104 1 19184
65 105 1 13370
66 105 1 15165
67 105 1 18321
68 105 1 20063
69 105 1 19844
70 105 1 19610
71 105 1 20878
72 105 1 18680
73 105 1 18357
74 105 1 20331
75 105 1 18249
76 105 1 16077
77 105 1 16927
78 105 1 17630
79 105 1 17933
80 105 1 19651
81 105 1 21659
82 105 1 20826
83 105 1 18265
84 105 1 19764
85 105 1 20715
65 106 1 16549
66 106 1 15054
67 106 1 18000
68 106 1 18889
69 106 1 15637
70 106 1 16129
71 106 1 21468
72 106 1 20817
73 106 1 16303
74 106 1 15308
75 106 1 17048
76 106 1 18583
77 106 1 17646
78 106 1 15543
79 106 1 14984
80 106 1 16624
81 106 1 18257
82 106 1 15891
83 106 1 14214
84 106 1 17323
85 106 1 17574
65 107 1 19262
66 107 1 19582
67 107 1 14449
68 107 1 16286
69 107 1 21867
70 107 1 21770
71 107 1 18412
72 107 1 18300
73 107 1 19503
74 107 1 16302
75 107 1 15849
76 107 1 19731
77 107 1 18674
78 107 1 15458
79 107 1 17244
80 107 1 18920
81 107 1 16245
82 107 1 13324
83 107 1 14501
84 107 1 19760
85 107 1 21047
65 108 1 18871
66 108 1 20138
67 108 1 17180
68 108 1 18063
69 108 1 22004
70 108 1 23964
71 108 1 19762
72 108 1 15799
73 108 1 19095
74 108 1 17420
75 108 1 15664
76 108 1 19785
77 108 1 20799
78 108 1 17749
79 108 1 15225
80 108 1 17219
81 108 1 19576
82 108 1 18096
83 108 1 18910
84 108 1 19591
85 108 1 18913
65 109 1 15380
66 109 1 15127
67 109 1 18912
68 109 1 19064
69 109 1 17217
70 109 1 19154
71 109 1 17643
72 109 1 16389
73 109 1 19260
74 109 1 18079
75 109 1 16553
76 109 1 19958
77 109 1 20074
78 109 1 16821
79 109 1 15589
80 109 1 17215
81 109 1 18299
82 109 1 17374
83 109 1 18439
84 109 1 17819
85 109 1 15404
65 110 1 15919
66 110 1 14685
67 110 1 15258
68 110 1 15256
69 110 1 17921
70 110 1 18398
71 110 1 15840
72 110 1 18596
73 110 1 21301
74 110 1 21141
75 110 1 18224
76 110 1 15673
77 110 1 17285
78 110 1 17728
79 110 1 18297
80 110 1 19517
81 110 1 16651
82 110 1 14816
83 110 1 14562
84 110 1 19561
85 110 1 21244
65 111 1 19659
66 111 1 18566
67 111 1 17880
68 111 1 17982
69 111 1 18077
70 111 1 21419
71 111 1 21581
72 111 1 19700
73 111 1 18052
74 111 1 18906
75 111 1 18204
76 111 1 15851
77 111 1 18951
78 111 1 19595
79 111 1 16774
80 111 1 19426
81 111 1 20316
82 111 1 14994
83 111 1 11166
84 111 1 15695
85 111 1 20586
65 112 1 17726
66 112 1 20658
67 112 1 20776
68 112 1 20896
69 112 1 21336
70 112 1 21051
71 112 1 20128
72 112 1 18312
73 112 1 18977
74 112 1 19544
75 112 1 17416
76 112 1 17663
77 112 1 19608
78 112 1 19503
79 112 1 19014
80 112 1 19681
81 112 1 19747
82 112 1 15722
83 112 1 13671
84 112 1 15336
85 112 1 16600
65 113 1 16776
66 113 1 19261
67 113 1 16950
68 113 1 19276
69 113 1 21427
70 113 1 18469
71 113 1 16761
72 113 1 17934
73 113 1 20812
74 113 1 22853
75 113 1 19730
76 113 1 16806
77 113 1 17783
78 113 1 20707
79 113 1 20887
80 113 1 19958
81 113 1 18967
82 113 1 18972
83 113 1 21251
84 113 1 18325
85 113 1 15780
65 114 1 19978
66 114 1 15827
67 114 1 17470
68 114 1 20537
69 114 1 17262
70 114 1 17827
71 114 1 18956
72 114 1 17352
73 114 1 18318
74 114 1 19587
75 114 1 21010
76 114 1 20078
77 114 1 18540
78 114 1 20495
79 114 1 18028
80 114 1 18187
81 114 1 21352
82 114 1 19631
83 114 1 21630
84 114 1 20052
85 114 1 14360
65 115 1 19337
66 115 1 15916
67 115 1 18404
68 115 1 20973
69 115 1 18243
70 115 1 17130
71 115 1 16691
72 115 1 16228
73 115 1 18719
74 115 1 20293
75 115 1 20513
76 115 1 20268
77 115 1 17762
78 115 1 18994
79 115 1 18968
80 115 1 17775
81 115 1 20505
82 115 1 17547
83 115 1 15789
84 115 1 20925
85 115 1 17287
